
                            7         5       6           6         7
                6       7       5        6            7        6
           5         5       7       5      6             5            5     7
             2                                                                 3333333333  3332               2           333333  3223


                                                                                                                                                                                          
        2  32323                                                            323              3     333     2  2  2      3          33       b  b
                                                                                                                                           bb  bb                     3323
9            8                     9                  8                  9                   8                8                9          bbb  bbb   8
                      4        a        4        a                                                                                       bbbb  bbbb                4             4
1111111111111111111111111111111111111111111111111111111111111111  111111111111111111111   1111111111111111111111111111111111111111111111111111111111111111111111111111111111111111111111111111111111111111111111111